% -------------------------------------------------------------------
%  Generated by MATLAB on 4-Jun-2024 18:03:39
%  MATLAB version: 9.13.0.2126072 (R2022b) Update 3
% -------------------------------------------------------------------
                                              

opSequence = [4 18 22 7 18 22 23 7 18 10 3 0 0 0 0 0 17 22 23 23 23 23 ...
              23 6 1 0 16 22 23 11 19 10 19 5 14 4 1 0 0 0 17 10 19 22 ...
              23 11 2 0 16 22 6 1 0 17 10 15 21 23 23 11 19 5 1 0 0 12 ...
              20 23 11 15 21 23 23 23 7 1 0 12 4 14 21 23 23 23 11 2 0 ...
              0 0 0 12 21 23 23 7 1 17 22];

